PIERRE:0.6:3.4256546
SOPHIE:0.2:2.8256546
ROBERT:0.2:1.5256546
NICOLAS:0.5:5.5654649